10000	8127	7097	6927	8384	8590	7289	6492	8745	7973	7794	6394	5645	6669	9040	6604	7068	8192	8145	7134	8063	8187	8109	7842	8401	8325	7982	8224	6485	8287	7425	7425	8101	6563	8353	8874	8676	6617	7279	7704	7334	8180	8116	7640	6939	8273	7254	7946	8594	7750	7741	7200	7067	7200	6286	7642	7248	7707	7324	7630	7645	6987	8666	8089	8257	8488	8611	8840	8285	8087	8079	8886	7340	8157	8210	6752	3738	7013	8618	7411	7247	7254	8305	8723	8073	6651	9042	7128	7501	6011	8087	6673	8142	7583	7213	7912	8255	8777	7926	926
8127	10000	5318	5167	6618	6737	5503	4715	9367	6520	6018	4606	5922	6766	7315	4817	5294	6386	6341	5383	6274	6425	6316	6066	6636	9778	6214	6601	4718	9837	5647	5647	6324	4781	6464	9236	6895	4861	5534	5934	5568	9765	6383	5874	5182	6508	5452	6162	6810	5994	5957	5421	5316	5416	4522	5897	5470	5918	6242	5859	5873	5198	6858	9905	6476	9426	6887	8288	6486	6287	6331	7223	5559	6370	6411	7116	3826	6949	6853	8993	5461	5480	6498	6976	6316	4864	7112	5342	5725	6170	9864	4921	6416	5837	5433	6134	6456	6993	6154	947
7097	5318	10000	9181	8734	8451	9453	8910	5905	8553	9300	9127	5227	6042	7847	9397	9639	8825	8883	9845	9022	8937	8875	9246	8720	5506	9132	8801	9367	5469	9232	9235	9000	9471	8661	6027	8419	8820	9809	9160	9784	5368	9056	9392	8743	8846	9013	9146	8499	9319	8359	8879	9844	9287	9166	9511	9424	9377	6608	9448	9463	9906	8409	5282	8838	5609	8483	6313	8791	8989	8995	7940	8920	8878	8867	6224	3551	6396	8502	4638	9821	9415	8764	8426	9059	9534	8007	9803	9299	5384	5280	8819	8621	9517	9279	9187	8821	8317	9181	879
6927	5167	9181	10000	8538	8267	9493	9596	5748	8648	8822	9523	4458	5226	7669	9655	9003	8689	8736	9292	8833	8738	8784	8913	8523	5353	8936	8602	8972	5316	9323	9323	8606	9359	8475	5868	8235	9637	9236	9211	9154	5217	8859	8617	9560	8649	9611	8955	8314	9184	7719	9672	9251	9603	8849	9190	9440	9040	6873	8965	8987	9132	8225	5131	8650	5454	8283	6152	8603	8799	8456	7574	9557	8742	8679	5445	3514	5615	8306	4494	9061	9221	8578	8228	8859	9503	7727	9310	9258	4613	5129	9593	8692	9369	8468	8883	8633	8134	8987	870
8384	6618	8734	8538	10000	9503	8935	8128	7200	8949	9328	8055	5074	5856	9128	8259	8697	9603	9653	8737	9548	9800	9488	9466	9843	6804	9601	9387	8101	6768	9059	9059	9415	8209	9385	7321	9530	8224	8876	9322	8950	6668	9480	9195	8546	9818	8855	9582	9582	9358	7690	8788	8670	8845	7901	9238	8882	9353	7405	9253	9269	8641	9434	6582	9587	6906	9617	7606	9693	9564	9083	8524	8876	9505	9584	6064	3525	6235	9674	5942	8893	8882	9484	9678	9682	8306	8364	8778	9132	5229	6580	8277	9309	9181	8850	9500	9726	9511	9550	873
8590	6737	8451	8267	9503	10000	8648	7844	7348	8937	9145	7755	4678	5711	9371	7964	8418	9422	9421	8467	9425	9405	9303	9194	9356	6933	9280	9180	7829	6894	8779	8779	9453	7919	9637	7475	9408	7954	8607	9051	8678	6789	9241	8698	8276	9390	8625	9303	9460	9087	7659	8555	8400	8558	7630	8970	8601	8965	7803	8978	8994	8348	9734	6699	9381	7113	9471	7779	9600	9446	8844	8581	8695	9319	9513	5745	3698	6034	9402	6028	8606	8604	9477	9428	9404	8011	8131	8488	8853	5037	6697	8007	9121	8912	8528	9265	9610	9388	9276	916
7289	5503	9453	9493	8935	8648	10000	9187	6092	9048	9323	9109	4722	5565	8042	9316	9338	9076	9125	9435	9222	9138	9173	9414	8921	5692	9334	9000	9138	5655	9738	9738	9105	9258	8859	6214	8620	9172	9487	9507	9453	5553	9253	8954	9221	9047	9483	9347	8698	9529	8030	9363	9376	9771	8965	9692	9863	9263	7143	9301	9355	9397	8606	5466	9040	5795	8683	6502	8989	9188	8793	7776	9404	9131	9066	5723	3565	5896	8703	4820	9392	9688	8964	8625	9259	9352	7931	9644	9763	4888	5464	9269	9080	9655	8795	9384	9020	8516	9383	883
6492	4715	8910	9596	8128	7844	9187	10000	5301	8244	8510	9781	4143	4966	7241	9388	8732	8269	8317	9032	8414	8333	8366	8602	8114	4903	8525	8201	8706	4866	9023	9020	8292	9089	8054	5423	7812	9771	8976	8800	8889	4766	8461	8351	9515	8241	9200	8538	7891	8781	7434	9287	8991	9279	8584	8894	9134	8661	6899	8661	8680	8860	7802	4679	8231	5005	7883	5709	8184	8381	8196	7182	9145	8323	8260	5140	3546	5311	7897	4036	8788	8915	8158	7827	8456	9235	7336	9039	8950	4300	4677	9798	8274	8968	8190	8571	8214	7710	8573	878
8745	9367	5905	5748	7200	7348	6092	5301	10000	7101	6604	5196	5664	6784	7939	5407	5879	6982	6937	5961	6865	7006	6908	6652	7218	9516	6797	7178	5301	9451	6234	6234	6911	5369	7085	9728	7483	5441	6110	6518	6151	9173	6955	6457	5762	7091	6047	6751	7399	6574	6586	6008	5894	6005	5104	6473	6057	6509	6812	6443	6458	5788	7455	9313	7064	9417	7466	8858	7080	6881	6908	7845	6147	6960	7005	6872	3830	6979	7435	8409	6051	6066	7094	7553	6896	5454	7743	5932	6311	6128	9326	5499	7007	6413	6021	6721	7050	7582	6739	948
7973	6520	8553	8648	8949	8937	9048	8244	7101	10000	8622	8171	4039	4808	8341	8374	8584	9344	9295	8533	8798	8889	9458	8922	8804	6706	8944	9570	8217	6670	9171	9171	8631	8325	8947	7098	8510	8333	8589	9349	8548	6570	9264	8198	8655	9023	9037	8944	8621	9237	7300	8950	8474	8958	8016	8873	8995	8629	8091	8546	8600	8499	9196	6484	9361	6808	9246	7505	9254	9383	8039	7708	9091	9442	9363	5026	3513	5196	8664	5847	8641	8931	9446	9039	9167	8421	7319	8748	9211	4194	6482	8386	9636	8949	8048	8884	9220	8644	8930	870
7794	6018	9300	8822	9328	9145	9323	8510	6604	8622	10000	8534	5376	6181	8542	8698	9272	9272	9321	9310	9716	9491	9156	9698	9311	6206	9510	9063	8679	6169	9272	9280	9692	8781	9274	6725	9113	8502	9447	9019	9330	6068	9376	9429	8565	9253	8809	9675	9193	9187	8353	8740	9243	9148	8479	9609	9351	9404	7155	9750	9777	9215	9103	5982	9255	6308	9150	7012	9352	9233	9408	8225	8781	9173	9252	6372	3544	6544	9189	5339	9469	9458	9152	9106	9332	8834	8379	9325	9402	5533	5980	8601	8975	9427	9267	9736	9374	9012	9655	878
6394	4606	9127	9523	8055	7755	9109	9781	5196	8171	8534	10000	4325	5182	7148	9563	8951	8183	8232	9222	8330	8259	8280	8576	8041	4795	8452	8129	8923	4758	8989	8989	8316	9306	7966	5319	7732	9613	9080	8726	9070	4657	8389	8568	9357	8167	9120	8458	7808	8708	7638	9212	9206	9202	8801	8840	9157	8686	6747	8684	8703	9073	7713	4570	8152	4898	7807	5607	8097	8296	8241	7242	9069	8239	8174	5328	3569	5501	7823	3922	9002	8938	8071	7754	8383	9450	7309	9204	8917	4499	4568	9641	8187	8895	8406	8503	8127	7627	8499	884
5645	5922	5227	4458	5074	4678	4722	4143	5664	4039	5376	4325	10000	7643	5042	4725	5337	4556	4612	5194	5163	5144	4480	5073	5223	5768	5072	4514	5094	5850	4642	4649	5366	5039	4752	5809	5475	4109	5270	4410	5290	6022	4866	5828	4031	5002	4167	5030	5356	4613	6055	4105	5236	4498	5061	5148	4722	5335	3023	5465	5408	5251	4687	5970	4616	6212	4799	4988	4668	4538	6041	6033	4141	4515	4559	8084	4120	8327	5363	6550	5331	5070	4431	5045	4881	4879	6441	5076	4777	8233	5807	4118	4310	4880	5757	5108	4703	5334	5075	1020
6669	6766	6042	5226	5856	5711	5565	4966	6784	4808	6181	5182	7643	10000	6143	5570	6219	5462	5511	5940	6006	5915	5348	5882	6000	6796	5860	5258	6251	6802	5462	5470	6172	5865	5857	6907	6293	4863	6014	5210	6069	6890	5605	6604	4787	5782	5069	5860	6182	5369	7499	4937	5982	5339	6373	5891	5540	6175	4132	6257	6203	6091	5595	6790	5445	7033	5550	5993	5551	5423	6785	7054	4978	5364	5443	9236	3500	9083	6139	6287	6162	5874	5344	5789	5639	5721	7480	5914	5591	9381	6641	4864	5169	5624	6753	5921	5584	6159	5874	867
9040	7315	7847	7669	9128	9371	8042	7241	7939	8341	8542	7148	5042	6143	10000	7357	7816	8811	8811	7873	8818	8930	8697	8591	9145	7515	8728	8590	7229	7476	8175	8175	8850	7314	9139	8068	9234	7357	8015	8450	8078	7369	8655	8385	7679	9017	8013	8698	9288	8491	7633	7950	7806	7953	7030	8377	7997	8462	7865	8377	8392	7741	9122	7277	8779	7726	8978	8407	8992	8838	8664	9022	8090	8714	8905	6199	3769	6476	9221	6593	8000	8002	8866	9147	8814	7404	8561	7882	8250	5476	7275	7412	8516	8320	7963	8661	9002	9375	8674	933
6604	4817	9397	9655	8259	7964	9316	9388	5407	8374	8698	9563	4725	5570	7357	10000	9133	8392	8440	9385	8538	8463	8488	8781	8245	5006	8656	8331	9315	4969	9150	9154	8480	9701	8175	5529	7938	9292	9242	8931	9305	4868	8590	8794	9216	8371	9296	8664	8015	8911	8035	9355	9402	9317	9192	9042	9290	8893	6512	8848	8868	9453	7921	4781	8358	5109	8010	5817	8305	8504	8403	7451	9275	8446	8382	5727	3566	5900	8028	4134	9216	9102	8279	7956	8586	9846	7518	9370	9122	4894	4779	9291	8395	9097	8800	8709	8335	7833	8704	883
7068	5294	9639	9003	8697	8418	9338	8732	5879	8584	9272	8951	5337	6219	7816	9133	10000	8843	8891	9604	8988	8900	8936	9223	8683	5482	9095	8764	9404	5445	9235	9242	8964	9345	8627	6001	8386	8643	9580	8981	9517	5344	9019	9397	8566	8809	8837	9111	8466	9119	8638	8703	9638	9110	9203	9377	9313	9341	6675	9442	9426	9621	8376	5258	8804	5584	8446	6287	8757	8954	9032	7909	8744	8897	8833	6414	3541	6586	8465	4616	9751	9620	8732	8389	9022	9269	7975	9691	9357	5576	5256	8642	8683	9247	9460	9152	8787	8284	9144	877
8192	6386	8825	8689	9603	9422	9076	8269	6982	9344	9272	8183	4556	5462	8811	8392	8843	10000	9941	8817	9445	9508	9877	9574	9459	6577	9383	9671	8252	6540	9205	9205	9281	8346	9475	7106	9156	8374	8871	9475	8829	6438	9595	8801	8696	9493	9056	9545	9267	9508	7789	8981	8758	8986	8052	9156	9026	9069	7749	9120	9160	8764	9525	6349	9859	6681	9590	7397	9786	9763	8691	8161	9094	9891	9771	5569	3605	5780	9318	5695	8915	9029	9827	9516	9506	8439	7922	8916	9279	4784	6347	8427	9694	9231	8632	9535	9767	9279	9463	893
8145	6341	8883	8736	9653	9421	9125	8317	6937	9295	9321	8232	4612	5511	8811	8440	8891	9941	10000	8874	9494	9565	9833	9623	9508	6532	9441	9671	8300	6495	9253	9253	9330	8394	9475	7060	9199	8422	8928	9523	8886	6392	9606	8858	8744	9505	9059	9603	9317	9556	7832	9004	8815	9034	8100	9212	9074	9127	7692	9178	9217	8822	9476	6304	9850	6636	9543	7351	9793	9770	8739	8161	9091	9851	9778	5624	3601	5830	9350	5651	8973	9077	9786	9481	9564	8487	7974	8965	9327	4833	6302	8474	9652	9288	8690	9585	9775	9281	9521	892
7134	5383	9845	9292	8737	8467	9435	9032	5961	8533	9310	9222	5194	5940	7873	9385	9604	8817	8874	10000	9030	8936	8865	9229	8721	5568	9133	8792	9355	5532	9216	9220	9007	9487	8674	6081	8436	8929	9855	9181	9719	5433	9048	9332	8853	8847	9135	9152	8514	9294	8259	9002	9933	9383	9180	9504	9405	9379	6634	9477	9462	9787	8426	5347	8849	5669	8478	6363	8802	8987	9017	7965	9043	8869	8877	6176	3496	6346	8506	4713	9762	9425	8757	8418	9054	9519	8030	9779	9282	5349	5345	8926	8616	9559	9184	9191	8831	8335	9183	866
8063	6274	9022	8833	9548	9425	9222	8414	6865	8798	9716	8330	5163	6006	8818	8538	8988	9445	9494	9030	10000	9709	9328	9720	9515	6464	9618	9237	8396	6427	9302	9305	9772	8491	9508	6987	9352	8513	9168	9196	9218	6325	9552	9190	8575	9473	8811	9822	9475	9362	8118	8751	8963	9132	8196	9530	9172	9454	7376	9510	9550	8923	9383	6238	9430	6567	9368	7276	9535	9405	9233	8330	8838	9346	9425	6166	3571	6339	9472	5590	9180	9174	9324	9384	9550	8585	8486	9062	9424	5337	6236	8570	9146	9457	9024	9800	9569	9293	9814	884
8187	6425	8937	8738	9800	9405	9138	8333	7006	8889	9491	8259	5144	5915	8930	8463	8900	9508	9565	8936	9709	10000	9430	9628	9722	6611	9788	9328	8305	6575	9260	9261	9564	8414	9365	7127	9407	8423	9074	9292	9152	6475	9601	9295	8621	9734	8874	9783	9566	9454	7856	8808	8869	9048	8104	9437	9084	9555	7312	9455	9471	8844	9337	6389	9528	6713	9518	7411	9633	9506	9142	8403	8896	9447	9526	6132	3517	6302	9550	5751	9096	9085	9426	9480	9724	8510	8427	8981	9334	5299	6387	8476	9251	9380	9053	9662	9668	9396	9751	871
8109	6316	8875	8784	9488	9303	9173	8366	6908	9458	9156	8280	4480	5348	8697	8488	8936	9877	9833	8865	9328	9430	10000	9458	9344	6506	9433	9745	8348	6469	9301	9301	9165	8442	9357	7031	9040	8469	8920	9571	8878	6367	9668	8735	8792	9541	9157	9479	9151	9570	7737	9077	8807	9083	8148	9204	9123	9119	7716	9081	9136	8814	9431	6279	9839	6609	9495	7319	9700	9807	8577	8052	9184	9954	9788	5485	3578	5664	9203	5631	8965	9125	9790	9427	9555	8536	7820	9013	9375	4668	6278	8522	9744	9280	8574	9419	9690	9175	9468	886
7842	6066	9246	8913	9466	9194	9414	8602	6652	8922	9698	8576	5073	5882	8591	8781	9223	9574	9623	9229	9720	9628	9458	10000	9389	6254	9492	9329	8630	6217	9575	9582	9691	8731	9356	6774	9075	8593	9283	9321	9245	6117	9511	9217	8655	9364	8900	9757	9242	9486	8214	8834	9171	9250	8430	9538	9407	9332	7368	9537	9577	9165	9152	6030	9503	6357	9215	7060	9490	9512	9110	8063	8922	9475	9464	6069	3545	6240	9224	5387	9340	9409	9442	9155	9469	8828	8217	9303	9652	5229	6028	8691	9278	9475	9053	9920	9512	9061	9696	878
8401	6636	8720	8523	9843	9356	8921	8114	7218	8804	9311	8041	5223	6000	9145	8245	8683	9459	9508	8721	9515	9722	9344	9389	10000	6823	9586	9243	8087	6786	8981	8984	9322	8195	9365	7339	9685	8208	8860	9168	8935	6686	9328	9241	8531	9781	8850	9567	9462	9236	7674	8783	8654	8830	7886	9223	8867	9338	7260	9238	9254	8626	9288	6600	9442	6924	9470	7624	9548	9420	9227	8680	8871	9361	9440	6212	3522	6383	9783	5961	8879	8867	9340	9619	9579	8292	8511	8763	9110	5378	6598	8261	9164	9166	8835	9431	9582	9479	9535	872
8325	9778	5506	5353	6804	6933	5692	4903	9516	6706	6206	4795	5768	6796	7515	5006	5482	6577	6532	5568	6464	6611	6506	6254	6823	10000	6401	6786	4905	9910	5836	5836	6512	4969	6663	9425	7083	5047	5718	6121	5755	9654	6566	6061	5368	6695	5643	6351	6999	6180	6135	5609	5501	5605	4708	6082	5658	6108	6346	6046	6060	5387	7049	9757	6664	9367	7072	8392	6676	6478	6516	7423	5747	6560	6601	6994	3850	6979	7040	8886	5650	5668	6689	7161	6502	5053	7315	5531	5913	6200	9756	5106	6606	6022	5622	6323	6647	7182	6342	953
7982	6214	9132	8936	9601	9280	9334	8525	6797	8944	9510	8452	5072	5860	8728	8656	9095	9383	9441	9133	9618	9788	9433	9492	9586	6401	10000	9363	8500	6364	9298	9301	9425	8606	9290	6918	9296	8621	9270	9344	9349	6264	9641	9251	8832	9713	9083	9734	9352	9508	7869	9017	9066	9243	8300	9633	9280	9683	7179	9513	9544	9038	9212	6178	9437	6503	9344	7203	9509	9555	9088	8358	9105	9436	9502	6064	3530	6235	9368	5537	9292	9280	9323	9284	9778	8703	8367	9176	9427	5228	6176	8673	9181	9576	9091	9534	9551	9195	9795	874
8224	6601	8801	8602	9387	9180	9000	8201	7178	9570	9063	8129	4514	5258	8590	8331	8764	9671	9671	8792	9237	9328	9745	9329	9243	6786	9363	10000	8174	6750	9122	9122	9071	8281	9233	7298	8951	8286	8843	9385	8814	6651	9621	8641	8607	9426	8954	9382	9061	9414	7572	8888	8726	8910	7975	9128	8946	9063	7851	8987	9041	8708	9438	6566	9787	6887	9595	7579	9567	9694	8471	7961	8975	9777	9653	5493	3487	5662	9098	5934	8911	8947	9667	9443	9481	8377	7769	8844	9194	4668	6564	8335	9765	9203	8493	9322	9558	9084	9368	863
6485	4718	9367	8972	8101	7829	9138	8706	5301	8217	8679	8923	5094	6251	7229	9315	9404	8252	8300	9355	8396	8305	8348	8630	8087	4905	8500	8174	10000	4869	8917	8921	8373	9611	8037	5422	7797	8611	9248	8775	9151	4769	8434	8845	8534	8213	8810	8519	7876	8754	8444	8677	9404	9082	9799	8886	9108	8748	6313	8848	8832	9460	7787	4682	8214	5007	7853	5707	8166	8363	8442	7322	8718	8306	8242	6462	3525	6633	7870	4043	9207	9219	8141	7800	8429	9467	7388	9323	8969	5627	4681	8611	8255	8941	9251	8559	8196	7696	8551	873
8287	9837	5469	5316	6768	6894	5655	4866	9451	6670	6169	4758	5850	6802	7476	4969	5445	6540	6495	5532	6427	6575	6469	6217	6786	9910	6364	6750	4869	10000	5799	5799	6476	4933	6624	9394	7046	5011	5682	6084	5718	9720	6530	6025	5332	6658	5606	6314	6962	6143	6088	5572	5465	5568	4672	6046	5621	6071	6283	6010	6024	5350	7012	9797	6627	9350	7036	8329	6639	6441	6479	7384	5710	6523	6564	7079	3858	6986	7003	8951	5613	5631	6652	7125	6466	5016	7275	5494	5876	6207	9796	5070	6569	5986	5585	6286	6610	7145	6305	955
7425	5647	9232	9323	9059	8779	9738	9023	6234	9171	9272	8989	4642	5462	8175	9150	9235	9205	9253	9216	9302	9260	9301	9575	8981	5836	9298	9122	8917	5799	10000	9993	9269	9037	8937	6356	8655	9010	9270	9513	9232	5698	9374	8851	9072	9140	9308	9395	8826	9535	7936	9255	9158	9671	8746	9533	9808	9122	7378	9197	9252	9177	8737	5611	9166	5938	8805	6643	9118	9316	8691	7642	9276	9259	9195	5639	3549	5811	8809	4968	9291	9584	9093	8747	9382	9133	7797	9429	9870	4799	5609	9107	9208	9469	8692	9502	9148	8645	9406	879
7425	5647	9235	9323	9059	8779	9738	9020	6234	9171	9280	8989	4649	5470	8175	9154	9242	9205	9253	9220	9305	9261	9301	9582	8984	5836	9301	9122	8921	5799	9993	10000	9273	9041	8940	6356	8659	9006	9273	9509	9236	5698	9374	8858	9069	9143	9308	9399	8826	9531	7943	9251	9161	9668	8750	9533	9812	9126	7375	9205	9259	9181	8737	5611	9166	5938	8805	6643	9118	9316	8698	7646	9276	9259	9195	5646	3549	5818	8812	4968	9298	9591	9093	8747	9382	9137	7800	9432	9873	4806	5609	9104	9208	9469	8699	9506	9148	8645	9410	879
8101	6324	9000	8606	9415	9453	9105	8292	6911	8631	9692	8316	5366	6172	8850	8480	8964	9281	9330	9007	9772	9564	9165	9691	9322	6512	9425	9071	8373	6476	9269	9273	10000	8473	9440	7032	9317	8287	9145	9028	9185	6375	9388	9201	8350	9297	8591	9594	9500	9196	8265	8524	8940	8941	8173	9429	9149	9265	7384	9521	9540	8906	9401	6288	9264	6615	9237	7319	9370	9241	9342	8306	8613	9182	9261	6362	3545	6534	9337	5645	9161	9150	9161	9253	9418	8570	8460	9044	9343	5522	6286	8386	8984	9232	9037	9721	9404	9319	9586	878
6563	4781	9471	9359	8209	7919	9258	9089	5369	8325	8781	9306	5039	5865	7314	9701	9345	8346	8394	9487	8491	8414	8442	8731	8195	4969	8606	8281	9611	4933	9037	9041	8473	10000	8129	5491	7887	8998	9355	8881	9260	4832	8541	8954	8921	8322	9185	8615	7967	8861	8309	9058	9554	9205	9477	8993	9229	8846	6408	8953	8937	9565	7877	4745	8308	5072	7961	5778	8259	8458	8549	7408	9099	8400	8336	6038	3556	6210	7978	4100	9310	9315	8234	7907	8537	9853	7474	9426	9072	5196	4743	8997	8349	9048	9083	8659	8290	7785	8654	881
8353	6464	8661	8475	9385	9637	8859	8054	7085	8947	9274	7966	4752	5857	9139	8175	8627	9475	9475	8674	9508	9365	9357	9356	9365	6663	9290	9233	8037	6624	8937	8940	9440	8129	10000	7214	9427	8161	8779	9129	8736	6517	9210	8707	8483	9380	8838	9451	9451	9200	7992	8765	8607	8769	7838	9063	8810	8974	7793	9026	9066	8559	9553	6425	9435	6900	9326	7561	9562	9500	8853	8630	8905	9372	9559	5899	3756	6184	9378	5744	8817	8813	9471	9284	9338	8222	8259	8699	9063	5185	6423	8214	9175	9119	8538	9435	9560	9379	9369	930
8874	9236	6027	5868	7321	7475	6214	5423	9728	7098	6725	5319	5809	6907	8068	5529	6001	7106	7060	6081	6987	7127	7031	6774	7339	9425	6918	7298	5422	9394	6356	6356	7032	5491	7214	10000	7605	5561	6229	6639	6272	9279	7073	6578	5882	7212	6170	6873	7521	6694	6626	6130	6014	6127	5225	6593	6178	6631	6559	6565	6579	5911	7579	9194	7186	9161	7586	8605	7203	7005	7027	7974	6269	7083	7128	7121	3937	7093	7556	8521	6173	6187	7218	7672	7017	5576	7874	6054	6433	6313	9194	5619	7129	6533	6143	6843	7173	7704	6860	975
8676	6895	8419	8235	9530	9408	8620	7812	7483	8510	9113	7732	5475	6293	9234	7938	8386	9156	9199	8436	9352	9407	9040	9075	9685	7083	9296	8951	7797	7046	8655	8659	9317	7887	9427	7605	10000	7922	8576	8849	8646	6945	9018	8952	8244	9486	8568	9259	9503	8922	7726	8503	8369	8529	7598	8938	8569	9041	7301	8946	8962	8323	9291	6858	9139	7186	9256	7816	9246	9117	9378	8985	8591	9057	9137	6474	3556	6646	9846	6214	8578	8572	9036	9482	9265	7985	8794	8461	8787	5632	6857	7975	8859	8881	8535	9153	9280	9521	9244	880
6617	4861	8820	9637	8224	7954	9172	9771	5441	8333	8502	9613	4109	4863	7357	9292	8643	8374	8422	8929	8513	8423	8469	8593	8208	5047	8621	8286	8611	5011	9010	9006	8287	8998	8161	5561	7922	10000	8875	8895	8793	4911	8545	8257	9677	8335	9294	8640	8001	8866	7362	9380	8888	9334	8488	8869	9119	8684	6896	8605	8659	8771	7912	4825	8336	5148	7965	5844	8289	8484	8094	7222	9240	8428	8365	5094	3504	5263	7992	4190	8700	8901	8264	7911	8542	9141	7375	8948	8937	4264	4824	9875	8378	9052	8108	8563	8319	7821	8671	868
7279	5534	9809	9236	8876	8607	9487	8976	6110	8589	9447	9080	5270	6014	8015	9242	9580	8871	8928	9855	9168	9074	8920	9283	8860	5718	9270	8843	9248	5682	9270	9273	9145	9355	8779	6229	8576	8875	10000	9219	9768	5583	9182	9393	8799	8986	9080	9289	8654	9347	8240	8947	9799	9348	9049	9638	9458	9490	6696	9614	9598	9757	8566	5498	8924	5819	8618	6510	8940	9041	9164	8038	8988	8923	8988	6249	3483	6417	8646	4867	9773	9488	8811	8554	9192	9375	8171	9767	9335	5424	5496	8872	8671	9613	9245	9284	8970	8476	9320	862
7704	5934	9160	9211	9322	9051	9507	8800	6518	9349	9019	8726	4410	5210	8450	8931	8981	9475	9523	9181	9196	9292	9571	9321	9168	6121	9344	9385	8775	6084	9513	9509	9028	8881	9129	6639	8849	8895	9219	10000	9134	5984	9442	8596	9217	9327	9500	9343	8933	9840	7689	9434	9123	9518	8575	9344	9448	9026	7425	8943	8997	9111	9009	5898	9437	6223	9070	6924	9389	9586	8439	7841	9522	9529	9466	5403	3533	5574	8996	5257	9039	9249	9364	9011	9570	8978	7709	9289	9523	4566	5896	8946	9428	9595	8442	9282	9419	8862	9329	875
7334	5568	9784	9154	8950	8678	9453	8889	6151	8548	9330	9070	5290	6069	8078	9305	9517	8829	8886	9719	9218	9152	8878	9245	8935	5755	9349	8814	9151	5718	9232	9236	9185	9260	8736	6272	8646	8793	9768	9134	10000	5618	9202	9462	8716	9062	8993	9279	8725	9299	8178	8860	9710	9265	8951	9688	9376	9597	6628	9547	9553	9691	8636	5532	8883	5857	8697	6556	8954	9001	9091	8171	8901	8882	8948	6280	3524	6450	8718	4893	9752	9294	8768	8639	9273	9356	8237	9700	9298	5445	5530	8792	8627	9539	9312	9246	8996	8545	9364	873
8180	9765	5368	5217	6668	6789	5553	4766	9173	6570	6068	4657	6022	6890	7369	4868	5344	6438	6392	5433	6325	6475	6367	6117	6686	9654	6264	6651	4769	9720	5698	5698	6375	4832	6517	9279	6945	4911	5583	5984	5618	10000	6432	5925	5232	6558	5504	6213	6861	6044	5948	5472	5366	5467	4572	5947	5521	5969	6015	5909	5923	5249	6909	9851	6527	9280	6937	8061	6537	6339	6380	7277	5610	6421	6462	7271	3886	7075	6903	9222	5512	5531	6549	7026	6366	4915	7167	5393	5776	6296	9678	4971	6467	5887	5484	6185	6508	7044	6205	962
8116	6383	9056	8859	9480	9241	9253	8461	6955	9264	9376	8389	4866	5605	8655	8590	9019	9595	9606	9048	9552	9601	9668	9511	9328	6566	9641	9621	8434	6530	9374	9374	9388	8541	9210	7073	9018	8545	9182	9442	9202	6432	10000	8961	8699	9484	8953	9675	9346	9564	7768	8888	8982	9165	8237	9512	9200	9386	7489	9304	9357	8964	9394	6347	9702	6666	9446	7353	9625	9633	8792	8031	8974	9700	9635	5838	3459	6006	9159	5720	9212	9201	9590	9383	9693	8635	8096	9099	9446	5019	6345	8594	9450	9486	8814	9544	9615	9262	9683	857
7640	5874	9392	8617	9195	8698	8954	8351	6457	8198	9429	8568	5828	6604	8385	8794	9397	8801	8858	9332	9190	9295	8735	9217	9241	6061	9251	8641	8845	6025	8851	8858	9201	8954	8707	6578	8952	8257	9393	8596	9462	5925	8961	10000	8180	9173	8455	9251	9006	8763	8383	8321	9373	8727	8645	9269	8928	9568	6600	9651	9596	9335	8630	5839	8833	6163	8817	6863	8926	8811	9585	8477	8362	8752	8831	6818	3524	6989	9024	5199	9555	9203	8731	8942	9033	8929	8543	9305	8980	5984	5837	8258	8555	9006	9594	9218	8968	8851	9265	873
6939	5182	8743	9560	8546	8276	9221	9515	5762	8655	8565	9357	4031	4787	7679	9216	8566	8696	8744	8853	8575	8621	8792	8655	8531	5368	8832	8607	8534	5332	9072	9069	8350	8921	8483	5882	8244	9677	8799	9217	8716	5232	8699	8180	10000	8657	9591	8751	8188	9123	7284	9703	8812	9397	8412	8924	9182	8611	7038	8528	8582	8695	8234	5147	8658	5469	8288	6165	8611	8807	8018	7405	9563	8750	8687	5015	3506	5185	8314	4511	8623	8912	8586	8232	8864	9065	7303	8872	9000	4186	5145	9718	8700	9127	8031	8625	8641	8117	8760	868
8273	6508	8846	8649	9818	9390	9047	8241	7091	9023	9253	8167	5002	5782	9017	8371	8809	9493	9505	8847	9473	9734	9541	9364	9781	6695	9713	9426	8213	6658	9140	9143	9297	8322	9380	7212	9486	8335	8986	9327	9062	6558	9484	9173	8657	10000	9036	9558	9402	9395	7616	8949	8780	8957	8013	9348	8994	9465	7294	9257	9288	8753	9322	6472	9521	6797	9505	7496	9619	9639	9010	8520	9058	9541	9612	5992	3523	6163	9627	5833	9006	8994	9433	9560	9738	8418	8291	8890	9244	5158	6470	8387	9289	9292	8835	9405	9661	9331	9597	872
7254	5452	9013	9611	8855	8625	9483	9200	6047	9037	8809	9120	4167	5069	8013	9296	8837	9056	9059	9135	8811	8874	9157	8900	8850	5643	9083	8954	8810	5606	9308	9308	8591	9185	8838	6170	8568	9294	9080	9500	8993	5504	8953	8455	9591	9036	10000	8993	8421	9380	7504	9845	9094	9590	8688	9188	9433	8872	7193	8800	8854	8958	8582	5416	9002	5747	8671	6461	8970	9171	8299	7757	9853	9114	9048	5177	3596	5379	8663	4764	8887	9187	8943	8606	9129	9279	7524	9139	9249	4385	5414	9344	9064	9383	8292	8869	9001	8350	9009	890
7946	6162	9146	8955	9582	9303	9347	8538	6751	8944	9675	8458	5030	5860	8698	8664	9111	9545	9603	9152	9822	9783	9479	9757	9567	6351	9734	9382	8519	6314	9395	9399	9594	8615	9451	6873	9259	8640	9289	9343	9279	6213	9675	9251	8751	9558	8993	10000	9351	9508	8038	8929	9085	9256	8319	9601	9295	9527	7322	9572	9612	9050	9261	6126	9578	6454	9325	7160	9644	9555	9088	8242	9017	9495	9575	6030	3560	6203	9349	5480	9305	9297	9474	9265	9635	8711	8353	9188	9526	5189	6124	8692	9297	9595	9086	9799	9674	9169	9915	881
8594	6810	8499	8314	9582	9460	8698	7891	7399	8621	9193	7808	5356	6182	9288	8015	8466	9267	9317	8514	9475	9566	9151	9242	9462	6999	9352	9061	7876	6962	8826	8826	9500	7967	9451	7521	9503	8001	8654	8933	8725	6861	9346	9006	8188	9402	8421	9351	10000	9065	7962	8358	8447	8606	7677	9017	8648	9120	7569	9026	9041	8400	9403	6774	9252	7102	9367	7809	9351	9177	9149	8646	8446	9168	9248	6356	3561	6529	9477	6128	8655	8652	9147	9541	9316	8062	8680	8539	8901	5516	6772	8054	8969	8959	8615	9313	9345	9818	9323	882
7750	5994	9319	9184	9358	9087	9529	8781	6574	9237	9187	8708	4613	5369	8491	8911	9119	9508	9556	9294	9362	9454	9570	9486	9236	6180	9508	9414	8754	6143	9535	9531	9196	8861	9200	6694	8922	8866	9347	9840	9299	6044	9564	8763	9123	9395	9380	9508	9065	10000	7770	9314	9235	9494	8553	9502	9470	9193	7332	9110	9165	9265	9046	5958	9470	6281	9099	6977	9423	9618	8598	7922	9402	9561	9498	5598	3506	5768	9065	5322	9206	9273	9398	9039	9657	8957	7886	9367	9544	4768	5956	8918	9320	9707	8614	9448	9452	8955	9494	868
7741	5957	8359	7719	7690	7659	8030	7434	6586	7300	8353	7638	6055	7499	7633	8035	8638	7789	7832	8259	8118	7856	7737	8214	7674	6135	7869	7572	8444	6088	7936	7943	8265	8309	7992	6626	7726	7362	8240	7689	8178	5948	7768	8383	7284	7616	7504	8038	7962	7770	10000	7401	8309	7803	8244	8038	8014	8109	6449	8353	8322	8440	7623	5905	7711	6484	7522	7136	7674	7696	8287	7913	7440	7715	7648	7622	4069	7860	7643	5280	8409	8356	7615	7546	7701	8189	8656	8376	8068	6855	5912	7364	7624	7907	8714	8178	7696	7850	8011	1007
7200	5421	8879	9672	8788	8555	9363	9287	6008	8950	8740	9212	4105	4937	7950	9355	8703	8981	9004	9002	8751	8808	9077	8834	8783	5609	9017	8888	8677	5572	9255	9251	8524	9058	8765	6130	8503	9380	8947	9434	8860	5472	8888	8321	9703	8949	9845	8929	8358	9314	7401	10000	8962	9555	8554	9072	9366	8744	7171	8666	8720	8829	8512	5385	8936	5712	8585	6417	8894	9092	8167	7630	9858	9035	8971	5102	3551	5274	8597	4741	8757	9052	8869	8528	9062	9204	7420	9008	9182	4262	5383	9431	8984	9317	8157	8803	8924	8287	8942	879
7067	5316	9844	9251	8670	8400	9376	8991	5894	8474	9243	9206	5236	5982	7806	9402	9638	8758	8815	9933	8963	8869	8807	9171	8654	5501	9066	8726	9404	5465	9158	9161	8940	9554	8607	6014	8369	8888	9799	9123	9710	5366	8982	9373	8812	8780	9094	9085	8447	9235	8309	8962	10000	9325	9247	9437	9347	9311	6575	9411	9395	9792	8359	5280	8782	5602	8411	6296	8735	8928	8994	7898	9003	8810	8810	6218	3496	6387	8439	4646	9753	9416	8698	8351	8987	9536	7963	9720	9223	5390	5278	8886	8557	9492	9225	9124	8764	8268	9116	866
7200	5416	9287	9603	8845	8558	9771	9279	6005	8958	9148	9202	4498	5339	7953	9317	9110	8986	9034	9383	9132	9048	9083	9250	8830	5605	9243	8910	9082	5568	9671	9668	8941	9205	8769	6127	8529	9334	9348	9518	9265	5467	9165	8727	9397	8957	9590	9256	8606	9494	7803	9555	9325	10000	8914	9473	9782	9108	7199	9073	9127	9236	8516	5380	8949	5708	8593	6415	8899	9098	8569	7623	9519	9040	8976	5499	3561	5671	8613	4734	9163	9460	8874	8536	9169	9300	7778	9415	9598	4659	5378	9423	8989	9677	8566	9219	8929	8425	9292	882
6286	4522	9166	8849	7901	7630	8965	8584	5104	8016	8479	8801	5061	6373	7030	9192	9203	8052	8100	9180	8196	8104	8148	8430	7886	4708	8300	7975	9799	4672	8746	8750	8173	9477	7838	5225	7598	8488	9049	8575	8951	4572	8237	8645	8412	8013	8688	8319	7677	8553	8244	8554	9247	8914	10000	8687	8936	8548	6144	8648	8632	9260	7588	4486	8014	4810	7653	5509	7967	8163	8242	7123	8596	8106	8043	6505	3522	6710	7669	3847	9007	9018	7941	7601	8228	9332	7189	9122	8769	5754	4484	8488	8056	8742	9051	8359	7997	7497	8351	872
7642	5897	9511	9190	9238	8970	9692	8894	6473	8873	9609	8840	5148	5891	8377	9042	9377	9156	9212	9504	9530	9437	9204	9538	9223	6082	9633	9128	8886	6046	9533	9533	9429	8993	9063	6593	8938	8869	9638	9344	9688	5947	9512	9269	8924	9348	9188	9601	9017	9502	8038	9072	9437	9473	8687	10000	9585	9565	6981	9614	9668	9419	8928	5862	9209	6183	8980	6874	9279	9325	9099	8113	9113	9208	9273	6126	3482	6294	9008	5230	9593	9531	9096	8917	9554	9088	8264	9554	9598	5301	5860	8964	8956	9738	9121	9568	9321	8838	9683	862
7248	5470	9424	9440	8882	8601	9863	9134	6057	8995	9351	9157	4722	5540	7997	9290	9313	9026	9074	9405	9172	9084	9123	9407	8867	5658	9280	8946	9108	5621	9808	9812	9149	9229	8810	6178	8569	9119	9458	9448	9376	5521	9200	8928	9182	8994	9433	9295	8648	9470	8014	9366	9347	9782	8936	9585	10000	9134	7187	9275	9330	9369	8558	5434	8988	5761	8629	6465	8940	9138	8768	7654	9376	9080	9017	5718	3548	5890	8650	4790	9369	9662	8915	8572	9205	9325	7808	9621	9748	4879	5432	9217	9030	9591	8771	9336	8970	8467	9329	879
7707	5918	9377	9040	9353	8965	9263	8661	6509	8629	9404	8686	5335	6175	8462	8893	9341	9069	9127	9379	9454	9555	9119	9332	9338	6108	9683	9063	8748	6071	9122	9126	9265	8846	8974	6631	9041	8684	9490	9026	9597	5969	9386	9568	8611	9465	8872	9527	9120	9193	8109	8744	9311	9108	8548	9565	9134	10000	6839	9633	9629	9279	8895	5882	9128	6211	9095	6920	9196	9234	9317	8511	8785	9124	9189	6338	3571	6511	9121	5234	9535	9253	9008	9038	9464	8941	8622	9418	9253	5508	5880	8637	8864	9434	9348	9374	9238	8938	9615	884
7324	6242	6608	6873	7405	7803	7143	6899	6812	8091	7155	6747	3023	4132	7865	6512	6675	7749	7692	6634	7376	7312	7716	7368	7260	6346	7179	7851	6313	6283	7378	7375	7384	6408	7793	6559	7301	6896	6696	7425	6628	6015	7489	6600	7038	7294	7193	7322	7569	7332	6449	7171	6575	7199	6144	6981	7187	6839	10000	6913	6951	6535	7921	6151	7726	6665	7793	7956	7629	7583	6767	6918	7225	7720	7637	4088	3691	4422	7306	5259	6690	7055	7810	7668	7316	6495	6469	6792	7315	3432	6326	6981	7975	7055	6415	7364	7587	7662	7254	914
7630	5859	9448	8965	9253	8978	9301	8661	6443	8546	9750	8684	5465	6257	8377	8848	9442	9120	9178	9477	9510	9455	9081	9537	9238	6046	9513	8987	8848	6010	9197	9205	9521	8953	9026	6565	8946	8605	9614	8943	9547	5909	9304	9651	8528	9257	8800	9572	9026	9110	8353	8666	9411	9073	8648	9614	9275	9633	6913	10000	9945	9386	8936	5823	9174	6148	8998	6850	9245	9158	9484	8284	8708	9098	9178	6458	3535	6630	9021	5182	9626	9496	9059	8939	9335	8984	8437	9473	9327	5622	5821	8604	8901	9351	9500	9539	9287	8845	9613	875
7645	5873	9463	8987	9269	8994	9355	8680	6458	8600	9777	8703	5408	6203	8392	8868	9426	9160	9217	9462	9550	9471	9136	9577	9254	6060	9544	9041	8832	6024	9252	9259	9540	8937	9066	6579	8962	8659	9598	8997	9553	5923	9357	9596	8582	9288	8854	9612	9041	9165	8322	8720	9395	9127	8632	9668	9330	9629	6951	9945	10000	9369	8952	5837	9214	6163	9014	6865	9285	9212	9430	8264	8762	9152	9232	6402	3537	6573	9037	5195	9623	9514	9099	8955	9366	9003	8418	9493	9381	5564	5835	8658	8955	9405	9445	9579	9327	8860	9668	876
6987	5198	9906	9132	8641	8348	9397	8860	5788	8499	9215	9073	5251	6091	7741	9453	9621	8764	8822	9787	8923	8844	8814	9165	8626	5387	9038	8708	9460	5350	9177	9181	8906	9565	8559	5911	8323	8771	9757	9111	9691	5249	8964	9335	8695	8753	8958	9050	8400	9265	8440	8829	9792	9236	9260	9419	9369	9279	6535	9386	9369	10000	8306	5162	8743	5491	8390	6199	8690	8889	8938	7835	8870	8819	8767	6254	3570	6427	8409	4514	9744	9397	8664	8334	8966	9590	7901	9747	9244	5423	5160	8771	8559	9430	9328	9093	8720	8218	9087	884
8666	6858	8409	8225	9434	9734	8606	7802	7455	9196	9103	7713	4687	5595	9122	7921	8376	9525	9476	8426	9383	9337	9431	9152	9288	7049	9212	9438	7787	7012	8737	8737	9401	7877	9553	7579	9291	7912	8566	9009	8636	6909	9394	8630	8234	9322	8582	9261	9403	9046	7623	8512	8359	8516	7588	8928	8558	8895	7921	8936	8952	8306	10000	6821	9570	7156	9704	7870	9612	9413	8776	8471	8653	9475	9536	5701	3610	5916	9334	6166	8564	8562	9635	9659	9336	7968	8056	8446	8811	4919	6819	7965	9385	8871	8460	9223	9582	9426	9233	894
8089	9905	5282	5131	6582	6699	5466	4679	9313	6484	5982	4570	5970	6790	7277	4781	5258	6349	6304	5347	6238	6389	6279	6030	6600	9757	6178	6566	4682	9797	5611	5611	6288	4745	6425	9194	6858	4825	5498	5898	5532	9851	6347	5839	5147	6472	5416	6126	6774	5958	5905	5385	5280	5380	4486	5862	5434	5882	6151	5823	5837	5162	6821	10000	6440	9398	6851	8197	6449	6251	6295	7185	5523	6334	6374	7174	3838	6973	6817	9087	5425	5444	6461	6940	6280	4828	7074	5305	5689	6194	9818	4885	6380	5801	5397	6098	6420	6957	6118	950
8257	6476	8838	8650	9587	9381	9040	8231	7064	9361	9255	8152	4616	5445	8779	8358	8804	9859	9850	8849	9430	9528	9839	9503	9442	6664	9437	9787	8214	6627	9166	9166	9264	8308	9435	7186	9139	8336	8924	9437	8883	6527	9702	8833	8658	9521	9002	9578	9252	9470	7711	8936	8782	8949	8014	9209	8988	9128	7726	9174	9214	8743	9570	6440	10000	6767	9629	7473	9776	9757	8674	8138	9024	9885	9796	5614	3554	5787	9301	5795	8972	8990	9854	9567	9560	8405	7934	8881	9240	4773	6438	8389	9720	9284	8673	9518	9766	9275	9517	880
8488	9426	5609	5454	6906	7113	5795	5005	9417	6808	6308	4898	6212	7033	7726	5109	5584	6681	6636	5669	6567	6713	6609	6357	6924	9367	6503	6887	5007	9350	5938	5938	6615	5072	6900	9161	7186	5148	5819	6223	5857	9280	6666	6163	5469	6797	5747	6454	7102	6281	6484	5712	5602	5708	4810	6183	5761	6211	6665	6148	6163	5491	7156	9398	6767	10000	7173	8664	6780	6582	6616	7631	5850	6663	6705	7226	3607	7424	7142	8702	5753	5770	6794	7262	6603	5156	7564	5634	6016	6420	9340	5207	6709	6122	5724	6425	6750	7285	6444	893
8611	6887	8483	8283	9617	9471	8683	7883	7466	9246	9150	7807	4799	5550	8978	8010	8446	9590	9543	8478	9368	9518	9495	9215	9470	7072	9344	9595	7853	7036	8805	8805	9237	7961	9326	7586	9256	7965	8618	9070	8697	6937	9446	8817	8288	9505	8671	9325	9367	9099	7522	8585	8411	8593	7653	8980	8629	9095	7793	8998	9014	8390	9704	6851	9629	7173	10000	7869	9637	9465	8778	8346	8725	9537	9539	5784	3503	5952	9410	6216	8641	8630	9573	9778	9423	8057	8069	8526	8878	4954	6849	8018	9556	8923	8597	9285	9632	9390	9293	867
8840	8288	6313	6152	7606	7779	6502	5709	8858	7505	7012	5607	4988	5993	8407	5817	6287	7397	7351	6363	7276	7411	7319	7060	7624	8392	7203	7579	5707	8329	6643	6643	7319	5778	7561	8605	7816	5844	6510	6924	6556	8061	7353	6863	6165	7496	6461	7160	7809	6977	7136	6417	6296	6415	5509	6874	6465	6920	7956	6850	6865	6199	7870	8197	7473	8664	7869	10000	7493	7294	7272	7740	6556	7371	7418	6041	3689	6322	7816	7306	6461	6473	7509	7954	7300	5864	7970	6342	6719	5323	8372	5901	7417	6814	6429	7129	7463	7992	7146	914
8285	6486	8791	8603	9693	9600	8989	8184	7080	9254	9352	8097	4668	5551	8992	8305	8757	9786	9793	8802	9535	9633	9700	9490	9548	6676	9509	9567	8166	6639	9118	9118	9370	8259	9562	7203	9246	8289	8940	9389	8954	6537	9625	8926	8611	9619	8970	9644	9351	9423	7674	8894	8735	8899	7967	9279	8940	9196	7629	9245	9285	8690	9612	6449	9776	6780	9637	7493	10000	9800	8779	8344	9035	9715	9888	5678	3592	5871	9407	5798	8947	8943	9786	9516	9631	8352	8021	8830	9193	4874	6448	8342	9519	9246	8758	9524	9957	9279	9589	889
8087	6287	8989	8799	9564	9446	9188	8381	6881	9383	9233	8296	4538	5423	8838	8504	8954	9763	9770	8987	9405	9506	9807	9512	9420	6478	9555	9694	8363	6441	9316	9316	9241	8458	9500	7005	9117	8484	9041	9586	9001	6339	9633	8811	8807	9639	9171	9555	9177	9618	7696	9092	8928	9098	8163	9325	9138	9234	7583	9158	9212	8889	9413	6251	9757	6582	9465	7294	9800	10000	8652	8190	9233	9808	9877	5547	3591	5741	9279	5600	9089	9140	9763	9346	9678	8551	7890	9028	9390	4744	6249	8537	9552	9401	8651	9496	9829	9105	9544	889
8079	6331	8995	8456	9083	8844	8793	8196	6908	8039	9408	8241	6041	6785	8664	8403	9032	8691	8739	9017	9233	9142	8577	9110	9227	6516	9088	8471	8442	6479	8691	8698	9342	8549	8853	7027	9378	8094	9164	8439	9091	6380	8792	9585	8018	9010	8299	9088	9149	8598	8287	8167	8994	8569	8242	9099	8768	9317	6767	9484	9430	8938	8776	6295	8674	6616	8778	7272	8779	8652	10000	8780	8208	8593	8672	7021	3489	7190	9366	5662	9170	9029	8573	9001	8867	8537	8931	9019	8819	6195	6293	8091	8399	8835	9183	9148	8812	9058	9102	864
8886	7223	7940	7574	8524	8581	7776	7182	7845	7708	8225	7242	6033	7054	9022	7451	7909	8161	8161	7965	8330	8403	8052	8063	8680	7423	8358	7961	7322	7384	7642	7646	8306	7408	8630	7974	8985	7222	8038	7841	8171	7277	8031	8477	7405	8520	7757	8242	8646	7922	7913	7630	7898	7623	7123	8113	7654	8511	6918	8284	8264	7835	8471	7185	8138	7631	8346	7740	8344	8190	8780	10000	7723	8071	8257	7155	3759	7406	8851	6503	8094	7776	8216	8518	8264	7498	9145	7970	7775	6402	7183	7178	7873	7988	8056	8141	8354	8733	8244	931
7340	5559	8920	9557	8876	8695	9404	9145	6147	9091	8781	9069	4141	4978	8090	9275	8744	9094	9091	9043	8838	8896	9184	8922	8871	5747	9105	8975	8718	5710	9276	9276	8613	9099	8905	6269	8591	9240	8988	9522	8901	5610	8974	8362	9563	9058	9853	9017	8446	9402	7440	9858	9003	9519	8596	9113	9376	8785	7225	8708	8762	8870	8653	5523	9024	5850	8725	6556	9035	9233	8208	7723	10000	9139	9112	5140	3554	5312	8685	4878	8797	9094	9010	8627	9150	9245	7459	9049	9270	4298	5521	9291	9090	9374	8199	8891	9065	8374	9030	880
8157	6370	8878	8742	9505	9319	9131	8323	6960	9442	9173	8239	4515	5364	8714	8446	8897	9891	9851	8869	9346	9447	9954	9475	9361	6560	9436	9777	8306	6523	9259	9259	9182	8400	9372	7083	9057	8428	8923	9529	8882	6421	9700	8752	8750	9541	9114	9495	9168	9561	7715	9035	8810	9040	8106	9208	9080	9124	7720	9098	9152	8819	9475	6334	9885	6663	9537	7371	9715	9808	8593	8071	9139	10000	9802	5517	3566	5690	9220	5687	8968	9083	9833	9472	9559	8493	7845	8971	9333	4685	6332	8480	9742	9283	8591	9436	9705	9192	9485	883
8210	6411	8867	8679	9584	9513	9066	8260	7005	9363	9252	8174	4559	5443	8905	8382	8833	9771	9778	8877	9425	9526	9788	9464	9440	6601	9502	9653	8242	6564	9195	9195	9261	8336	9559	7128	9137	8365	8988	9466	8948	6462	9635	8831	8687	9612	9048	9575	9248	9498	7648	8971	8810	8976	8043	9273	9017	9189	7637	9178	9232	8767	9536	6374	9796	6705	9539	7418	9888	9877	8672	8257	9112	9802	10000	5567	3590	5761	9299	5723	9024	9019	9818	9420	9624	8429	7911	8907	9269	4764	6372	8417	9559	9321	8671	9498	9854	9181	9564	889
6752	7116	6224	5445	6064	5745	5723	5140	6872	5026	6372	5328	8084	9236	6199	5727	6414	5569	5624	6176	6166	6132	5485	6069	6212	6994	6064	5493	6462	7079	5639	5646	6362	6038	5899	7121	6474	5094	6249	5403	6280	7271	5838	6818	5015	5992	5177	6030	6356	5598	7622	5102	6218	5499	6505	6126	5718	6338	4088	6458	6402	6254	5701	7174	5614	7226	5784	6041	5678	5547	7021	7155	5140	5517	5567	10000	3674	9166	6353	6846	6332	6065	5445	6024	5867	5881	7602	6078	5773	8739	7009	5100	5314	5859	6945	6104	5713	6334	6069	910
3738	3826	3551	3514	3525	3698	3565	3546	3830	3513	3544	3569	4120	3500	3769	3566	3541	3605	3601	3496	3571	3517	3578	3545	3522	3850	3530	3487	3525	3858	3549	3549	3545	3556	3756	3937	3556	3504	3483	3533	3524	3886	3459	3524	3506	3523	3596	3560	3561	3506	4069	3551	3496	3561	3522	3482	3548	3571	3691	3535	3537	3570	3610	3838	3554	3607	3503	3689	3592	3591	3489	3759	3554	3566	3590	3674	10000	3574	3522	3695	3564	3540	3607	3487	3507	3566	3813	3566	3545	3559	3829	3498	3570	3485	3551	3548	3591	3560	3538	2476
7013	6949	6396	5615	6235	6034	5896	5311	6979	5196	6544	5501	8327	9083	6476	5900	6586	5780	5830	6346	6339	6302	5664	6240	6383	6979	6235	5662	6633	6986	5811	5818	6534	6210	6184	7093	6646	5263	6417	5574	6450	7075	6006	6989	5185	6163	5379	6203	6529	5768	7860	5274	6387	5671	6710	6294	5890	6511	4422	6630	6573	6427	5916	6973	5787	7424	5952	6322	5871	5741	7190	7406	5312	5690	5761	9166	3574	10000	6523	6982	6505	6236	5659	6193	6037	6054	7841	6250	5945	8927	6822	5270	5486	6028	7117	6276	5905	6506	6240	885
8618	6853	8502	8306	9674	9402	8703	7897	7435	8664	9189	7823	5363	6139	9221	8028	8465	9318	9350	8506	9472	9550	9203	9224	9783	7040	9368	9098	7870	7003	8809	8812	9337	7978	9378	7556	9846	7992	8646	8996	8718	6903	9159	9024	8314	9627	8663	9349	9477	9065	7643	8597	8439	8613	7669	9008	8650	9121	7306	9021	9037	8409	9334	6817	9301	7142	9410	7816	9407	9279	9366	8851	8685	9220	9299	6353	3522	6523	10000	6178	8661	8650	9199	9635	9408	8074	8651	8546	8900	5519	6815	8046	9024	8951	8618	9303	9441	9494	9318	872
